Window:1
1. 13.95918257390185
2. 15.849570691362768
3. 17.6460959989478
4. 13.004511464445319
5. 17.434760088255278

Window:2
1. 25.609508480224218
2. 33.51112453391143
3. 25.711318492723237
4. 25.012291691724744
5. 26.057898732156765

Window:4
1. 60.61154261499531
2. 58.884598679228375
3. 58.07800428996899
4. 46.75097819082442
5. 47.526041878874146

Window:8
1. 97.20959671541158
2. 96.80275101419386
3. 86.96694176713166
4. 85.5398432633147
5. 87.08048073767193

Window:16
1. 176.8104839831157
2. 145.6868361086311
3. 180.29577766822717
4. 152.7253973560127
5. 170.10838561456055

Window:32
1. 314.8697602248461
2. 238.2968020445796
3. 243.24119841756635
4. 290.28313766132686
5. 306.13539283989644

