5ms
1. 3079 77.28954570609767
2. 2832 77.38170329528417
3. 2753 78.64865145262101
4. 2707 79.17847888362905
5. 2847 78.96647466190814

10ms
1. 1405 75.45936202996367
2. 1373 73.68264665398476
3. 1260 76.0317053123274
4. 1286 76.50484996867701
5. 1305 76.2371711892933

15ms
1. 118 69.16169003534328
2. 100 68.54861569450159
3. 100 67.10759762880997
4. 103 72.6381147562173
5. 116 72.38237416231686

20ms
1. 99 69.83391780354991
2. 85 71.5066768792442
3. 105 69.01605393012015
4. 106 63.219594866896045
5. 95 69.9424219162563

25ms
1. 95 67.71793005951525
2. 112 66.06301688532513
3. 100 64.93143402826577
4. 80 70.16247710630832
5. 94 66.57503406082594

30ms
1. 106 63.67140987651111
2. 87 66.05344575618236
3. 84 61.07901459380708
4. 107 64.05015018861516
5. 117 60.9132902605425

40ms
1. 108 54.44826946783687
2. 115 57.33716474286905
3. 80 58.55471639627734
4. 97 61.80461714056173
5. 88 57.07693632270881

50ms
1. 93 57.220582890982776
2. 81 60.273865356992246
3. 83 59.48961074383794
4. 97 53.112598815579965
5. 109 54.94072945878331

75ms
1. 102 48.39150704406977
2. 89 47.77700891212381
3. 94 46.995227233940746
4. 97 49.55932071027505
5. 90 50.985750596131204

100ms
1. 84 46.4850994274589
2. 81 47.23888551071328
3. 85 43.60466335936614
4. 106 42.019858800797095
5. 106 41.890980090469874

