Window:1
1. 3.7868176620522855
2. 3.5787649533552153
3. 3.5425291885245707
4. 4.514817403290781
5. 4.542408848311707

Window:2
1. 8.765661765805561
2. 8.992600729631885
3. 8.725015944710274
4. 8.72502569413172
5. 7.059802511644682

Window:4
1. 13.610790155395732
2. 13.249474303218234
3. 12.792600174842702
4. 12.502011712997064
5. 13.105730756047397

Window:8
1. 23.770090187941367
2. 21.49165400370561
3. 22.386489125289735
4. 21.798093310929364
5. 23.82064723894782

Window:16
1. 31.892807132686308
2. 30.422806329809298
3. 31.81187585899779
4. 36.99639434968695
5. 35.075828614427216

Window:32
1. 41.606771934124026
2. 48.878785807636866
3. 50.75501496191599
4. 54.24163285772109
5. 44.032145474801915

Window:64
1. 68.83808297721977
2. 45.94614101425993
3. 58.84555488769543
4. 42.32661463317623
5. 63.284348078567945

Window:128
1. 60.966508152966504
2. 47.22287966331786
3. 61.14239186657396
4. 53.88193432060994
5. 48.730471646862284

Window:256
1. 34.16213409800328
2. 66.81763902947614
3. 81.01107860973433
4. 53.526492565919725
5. 74.06674039144809

