Window:1
1. 72.56360183687272
2. 70.24546135717289
3. 72.5961218945734
4. 34.48479669922199
5. 34.78601867142706

Window:2
1. 136.40584172771054
2. 73.49523629708733
3. 138.35576794575044
4. 138.24465948415818
5. 72.19758634052745

Window:4
1. 240.9233520568559
2. 249.20771095092064
3. 248.17166667243546
4. 146.33752403207748
5. 145.71514949222086

Window:8
1. 356.32353278746143
2. 414.1865129420788
3. 258.4040776760415
4. 242.41892952210205
5. 338.6004297992659

Window:16
1. 373.9478045371432
2. 355.2873280965483
3. 428.84051155555636
4. 339.6513265955823
5. 343.87718906238416

Window:32
1. 33.962915407084516
2. 35.97453521983802
3. 32.41617881478551
4. 33.74562497007297
5. 37.09596859149585

Window:64
1. 38.0417678962701
2. 35.29024835944604
3. 36.99049774911318
4. 51.04678843069911
5. 48.182308987933766

Window:128
1. 47.48557502923254
2. 35.50314554939408
3. 33.657932813257105
4. 34.09071718416913
5. 34.29472253242471

Window:256
1. 30.281567379758577
2. 39.56602181152794
3. 29.54008559207595
4. 32.71617340646625
5. 31.607263251735034

