Window:1
1. 13.947651722808349
2. 17.413234552274822
3. 12.965832744851912
4. 16.179278420599218
5. 13.956708648460447

Window:2
1. 26.151474843226914
2. 25.43712641675136
3. 33.0768493940986
4. 25.453478377015134
5. 33.57872901979247

Window:4
1. 48.04907494953073
2. 49.84292482089518
3. 54.78142562733529
4. 59.41089820184507
5. 48.379808597257835

Window:8
1. 93.96267679754637
2. 78.93842767310262
3. 92.44748748210654
4. 85.21627880927217
5. 91.14377712359398

Window:16
1. 112.2836052521883
2. 120.6118370294024
3. 123.40550574627304
4. 114.91176435439503
5. 123.65089830381606

Window:32
1. 142.52413991323738
2. 139.02086279300994
3. 154.319996920301
4. 202.22265094793573
5. 187.24233597469615

Window:64
1. 172.6881891592283
2. 209.20337625246313
3. 186.47840565831277
4. 209.73669455375256
5. 240.48384459698104

Window:128
1. 94.08770250289943
2. 90.41401601882298
3. 104.16629287519538
4. 91.81877694238567
5. 95.90488448861905

Window:256
1. 89.75974622754526
2. 93.573193822542
3. 87.95185327213453
4. 73.08019017914954
5. 90.90973619668326

